0 0 0 1 0 1 
1 0 1 2 0 1 
2 0 1 3 0 1 
3 0 1 4 0 1 
4 0 1 4 1 3 
4 1 3 5 1 1 
5 1 1 6 1 1 
6 1 1 6 2 3 
6 2 3 7 2 1 
7 2 1 8 2 1 
8 2 1 8 3 3 
8 3 3 9 3 1 
9 3 1 9 2 4 
9 2 4 9 1 4 
9 1 4 10 1 1 
10 1 1 10 0 4 
10 0 4 9 0 2 11 0 1 
9 0 2 8 0 2 
11 0 1 12 0 1 
8 0 2 7 0 2 
12 0 1 13 0 1 
7 0 2 6 0 2 7 1 3 
13 0 1 13 1 3 
6 0 2 5 0 2 
7 1 3 8 1 1 
13 1 3 12 1 2 
5 0 2 
8 1 1 
12 1 2 12 2 3 
12 2 3 11 2 2 
11 2 2 11 3 3 11 1 4 
11 3 3 11 4 3 
11 1 4 
11 4 3 11 5 3 
11 5 3 12 5 1 
12 5 1 13 5 1 
13 5 1 13 6 3 
13 6 3 13 7 3 
13 7 3 12 7 2 
12 7 2 12 6 4 
12 6 4 11 6 2 
11 6 2 10 6 2 
10 6 2 10 7 3 
10 7 3 11 7 1 
11 7 1 11 8 3 
11 8 3 10 8 2 
10 8 2 9 8 2 
9 8 2 9 9 3 
9 9 3 9 10 3 
9 10 3 10 10 1 
10 10 1 11 10 1 
11 10 1 11 9 4 
11 9 4 12 9 1 10 9 2 
12 9 1 12 8 4 
10 9 2 
12 8 4 13 8 1 
13 8 1 14 8 1 
14 8 1 14 9 3 
14 9 3 13 9 2 
13 9 2 13 10 3 
13 10 3 12 10 2 
12 10 2 12 11 3 
12 11 3 11 11 2 
11 11 2 10 11 2 
10 11 2 9 11 2 
9 11 2 9 12 3 
9 12 3 10 12 1 8 12 2 
10 12 1 11 12 1 
8 12 2 7 12 2 
11 12 1 12 12 1 
7 12 2 7 11 4 
12 12 1 13 12 1 
7 11 4 8 11 1 
13 12 1 13 11 4 
8 11 1 8 10 4 
13 11 4 14 11 1 
8 10 4 7 10 2 
14 11 1 14 10 4 
7 10 2 6 10 2 
14 10 4 15 10 1 
6 10 2 5 10 2 
15 10 1 15 9 4 
5 10 2 5 11 3 
15 9 4 15 8 4 
5 11 3 6 11 1 
15 8 4 16 8 1 
6 11 1 6 12 3 
16 8 1 17 8 1 
6 12 3 5 12 2 
17 8 1 18 8 1 
5 12 2 4 12 2 
18 8 1 18 7 4 
4 12 2 3 12 2 
18 7 4 17 7 2 
3 12 2 2 12 2 
17 7 2 16 7 2 
2 12 2 2 11 4 
16 7 2 16 6 4 
2 11 4 3 11 1 
16 6 4 16 5 4 
3 11 1 3 10 4 
16 5 4 16 4 4 
3 10 4 3 9 4 
16 4 4 15 4 2 
3 9 4 2 9 2 
15 4 2 15 3 4 
2 9 2 2 8 4 
15 3 4 16 3 1 
2 8 4 2 7 4 
16 3 1 17 3 1 
2 7 4 3 7 1 
17 3 1 17 2 4 
3 7 1 3 6 4 
17 2 4 16 2 2 
3 6 4 2 6 2 
16 2 2 15 2 2 
2 6 2 2 5 4 
15 2 2 14 2 2 
2 5 4 1 5 2 
14 2 2 14 3 3 14 1 4 
1 5 2 1 6 3 
14 3 3 14 4 3 
14 1 4 15 1 1 
1 6 3 0 6 2 
14 4 3 14 5 3 13 4 2 
15 1 1 15 0 4 
0 6 2 0 7 3 0 5 4 
14 5 3 15 5 1 
13 4 2 13 3 4 
15 0 4 16 0 1 14 0 2 
0 7 3 0 8 3 
0 5 4 0 4 4 
15 5 1 15 6 3 
13 3 4 12 3 2 13 2 4 
16 0 1 16 1 3 
14 0 2 
0 8 3 1 8 1 
0 4 4 1 4 1 
15 6 3 15 7 3 
12 3 2 12 4 3 
13 2 4 
16 1 3 17 1 1 
1 8 1 1 7 4 1 9 3 
1 4 1 2 4 1 
15 7 3 14 7 2 
12 4 3 
17 1 1 17 0 4 
1 7 4 
1 9 3 1 10 3 
2 4 1 3 4 1 
14 7 2 14 6 4 
17 0 4 18 0 1 
1 10 3 1 11 3 2 10 1 
3 4 1 3 3 4 
14 6 4 
18 0 1 19 0 1 
1 11 3 1 12 3 
2 10 1 
3 3 4 2 3 2 
19 0 1 20 0 1 
1 12 3 0 12 2 
2 3 2 2 2 4 
20 0 1 20 1 3 
0 12 2 0 11 4 
2 2 4 3 2 1 
20 1 3 21 1 1 
0 11 4 0 10 4 
3 2 1 3 1 4 4 2 1 
21 1 1 22 1 1 
0 10 4 0 9 4 
3 1 4 2 1 2 
4 2 1 5 2 1 
22 1 1 23 1 1 
0 9 4 
2 1 2 1 1 2 
5 2 1 5 3 3 
23 1 1 23 2 3 
1 1 2 0 1 2 
5 3 3 6 3 1 
23 2 3 23 3 3 
0 1 2 0 2 3 
6 3 1 7 3 1 
23 3 3 22 3 2 
0 2 3 0 3 3 
7 3 1 7 4 3 
22 3 2 21 3 2 
0 3 3 1 3 1 
7 4 3 6 4 2 
21 3 2 20 3 2 
1 3 1 1 2 4 
6 4 2 6 5 3 
20 3 2 19 3 2 
1 2 4 
6 5 3 7 5 1 
19 3 2 19 2 4 
7 5 1 8 5 1 
19 2 4 20 2 1 18 2 2 
8 5 1 8 6 3 
20 2 1 21 2 1 
18 2 2 18 1 4 18 3 3 
8 6 3 7 6 2 
21 2 1 22 2 1 
18 1 4 19 1 1 
18 3 3 18 4 3 
7 6 2 7 7 3 
22 2 1 
19 1 1 
18 4 3 17 4 2 
7 7 3 7 8 3 
17 4 2 17 5 3 
7 8 3 8 8 1 
17 5 3 17 6 3 
8 8 1 8 9 3 8 7 4 
17 6 3 18 6 1 
8 9 3 7 9 2 
8 7 4 9 7 1 
18 6 1 18 5 4 
7 9 2 6 9 2 
9 7 1 9 6 4 
18 5 4 19 5 1 
6 9 2 5 9 2 
9 6 4 9 5 4 
19 5 1 20 5 1 
5 9 2 4 9 2 
9 5 4 10 5 1 
20 5 1 20 4 4 
4 9 2 4 10 3 4 8 4 
10 5 1 10 4 4 
20 4 4 19 4 2 21 4 1 
4 10 3 4 11 3 
4 8 4 4 7 4 3 8 2 
10 4 4 10 3 4 9 4 2 
19 4 2 
21 4 1 22 4 1 
4 11 3 
4 7 4 4 6 4 
3 8 2 
10 3 4 10 2 4 
9 4 2 8 4 2 
22 4 1 22 5 3 
4 6 4 5 6 1 
10 2 4 
8 4 2 
22 5 3 21 5 2 
5 6 1 6 6 1 5 5 4 
21 5 2 21 6 3 
6 6 1 6 7 3 
5 5 4 4 5 2 
21 6 3 20 6 2 
6 7 3 5 7 2 
4 5 2 3 5 2 4 4 4 
20 6 2 20 7 3 
5 7 2 5 8 3 
3 5 2 
4 4 4 5 4 1 4 3 4 
20 7 3 21 7 1 
5 8 3 6 8 1 
5 4 1 
4 3 4 
21 7 1 22 7 1 
6 8 1 
22 7 1 23 7 1 
23 7 1 24 7 1 
24 7 1 24 8 3 
24 8 3 24 9 3 
24 9 3 23 9 2 
23 9 2 22 9 2 
22 9 2 22 10 3 
22 10 3 23 10 1 
23 10 1 24 10 1 
24 10 1 24 11 3 
24 11 3 25 11 1 
25 11 1 25 10 4 
25 10 4 25 9 4 
25 9 4 25 8 4 
25 8 4 26 8 1 
26 8 1 26 7 4 
26 7 4 26 6 4 
26 6 4 27 6 1 
27 6 1 27 7 3 
27 7 3 27 8 3 
27 8 3 27 9 3 
27 9 3 28 9 1 
28 9 1 28 8 4 
28 8 4 28 7 4 
28 7 4 29 7 1 
29 7 1 29 8 3 
29 8 3 30 8 1 
30 8 1 30 9 3 
30 9 3 31 9 1 
31 9 1 31 8 4 
31 8 4 31 7 4 
31 7 4 32 7 1 
32 7 1 32 8 3 32 6 4 
32 8 3 32 9 3 
32 6 4 31 6 2 
32 9 3 32 10 3 
31 6 2 31 5 4 
32 10 3 31 10 2 
31 5 4 31 4 4 
31 10 2 31 11 3 
31 4 4 32 4 1 
31 11 3 31 12 3 
32 4 1 32 3 4 32 5 3 
31 12 3 30 12 2 32 12 1 
32 3 4 31 3 2 
32 5 3 
30 12 2 30 11 4 
32 12 1 32 11 4 
31 3 2 31 2 4 
30 11 4 29 11 2 
32 11 4 
31 2 4 31 1 4 
29 11 2 29 10 4 
31 1 4 32 1 1 
29 10 4 28 10 2 30 10 1 29 9 4 
32 1 1 32 0 4 32 2 3 
28 10 2 27 10 2 
30 10 1 
29 9 4 
32 0 4 31 0 2 
32 2 3 
27 10 2 26 10 2 
31 0 2 30 0 2 
26 10 2 26 9 4 26 11 3 
30 0 2 29 0 2 
26 9 4 
26 11 3 26 12 3 
29 0 2 29 1 3 
26 12 3 25 12 2 27 12 1 
29 1 3 28 1 2 
25 12 2 24 12 2 
27 12 1 28 12 1 
28 1 2 28 2 3 
24 12 2 23 12 2 
28 12 1 29 12 1 28 11 4 
28 2 3 28 3 3 
23 12 2 23 11 4 
29 12 1 
28 11 4 27 11 2 
28 3 3 27 3 2 
23 11 4 22 11 2 
27 11 2 
27 3 2 27 2 4 
22 11 2 21 11 2 
27 2 4 27 1 4 
21 11 2 21 12 3 
27 1 4 26 1 2 
21 12 3 22 12 1 20 12 2 
26 1 2 26 2 3 
22 12 1 
20 12 2 19 12 2 
26 2 3 25 2 2 
19 12 2 19 11 4 
25 2 2 24 2 2 
19 11 4 19 10 4 
24 2 2 24 3 3 24 1 4 
19 10 4 19 9 4 
24 3 3 25 3 1 
24 1 4 25 1 1 
19 9 4 20 9 1 18 9 2 
25 3 1 26 3 1 
25 1 1 25 0 4 
20 9 1 20 8 4 
18 9 2 17 9 2 
26 3 1 26 4 3 
25 0 4 26 0 1 24 0 2 
20 8 4 21 8 1 19 8 2 
17 9 2 16 9 2 
26 4 3 25 4 2 
26 0 1 27 0 1 
24 0 2 23 0 2 
21 8 1 22 8 1 21 9 3 
19 8 2 19 7 4 
16 9 2 16 10 3 
25 4 2 24 4 2 
27 0 1 28 0 1 
23 0 2 22 0 2 
22 8 1 23 8 1 
21 9 3 21 10 3 
19 7 4 19 6 4 
16 10 3 16 11 3 
24 4 2 23 4 2 
28 0 1 
22 0 2 21 0 2 
23 8 1 
21 10 3 20 10 2 
19 6 4 
16 11 3 17 11 1 
23 4 2 23 5 3 
21 0 2 
20 10 2 20 11 3 
17 11 1 18 11 1 
23 5 3 23 6 3 
20 11 3 
18 11 1 18 12 3 18 10 4 
23 6 3 22 6 2 24 6 1 
18 12 3 17 12 2 
18 10 4 17 10 2 
22 6 2 
24 6 1 24 5 4 
17 12 2 16 12 2 
17 10 2 
24 5 4 25 5 1 
16 12 2 15 12 2 
25 5 1 25 6 3 26 5 1 
15 12 2 14 12 2 15 11 4 
25 6 3 25 7 3 
26 5 1 27 5 1 
14 12 2 
15 11 4 
25 7 3 
27 5 1 27 4 4 
27 4 4 28 4 1 
28 4 1 28 5 3 
28 5 3 29 5 1 
29 5 1 29 4 4 
29 4 4 29 3 4 
29 3 4 30 3 1 
30 3 1 30 2 4 30 4 3 
30 2 4 30 1 4 29 2 2 
30 4 3 30 5 3 
30 1 4 
29 2 2 
30 5 3 30 6 3 
30 6 3 29 6 2 30 7 3 
29 6 2 28 6 2 
30 7 3 
28 6 2 
